import math
a = [[-2, 0.5259742557016629, 0.5609548177054272, 0.44135717362411425, 0.12916903067214663, 0.23121950627868154, 0.2511704927928454, 0.27235303133001276, 0.6483453504937756], [0.5259742557016629, -2, 0.715589264367749, 0.43585883817092247, 0.06272275448673789, 0.22396003824280125, 0.5012624713256206, 0.4983218864816437, 0.10142620485385746], [0.5609548177054272, 0.715589264367749, -2, 0.43761229614749186, 0.579395350819484, 0.5445646256595286, 0.22123582189266408, 0.5987880116482215, 0.5145574965139759], [0.44135717362411425, 0.43585883817092247, 0.43761229614749186, -2, 0.10646982263242066, 0.2924287361892236, 0.43385206100004775, 0.2865301003536948, 0.4193848260626914], [0.12916903067214663, 0.06272275448673789, 0.579395350819484, 0.10646982263242066, -2, 0.2188055434375772, 0.12022363831544038, 0.3509086429450557, 0.7094994704309734], [0.23121950627868154, 0.22396003824280125, 0.5445646256595286, 0.2924287361892236, 0.2188055434375772, -2, 0.1521389762862484, 0.40008568652759885, 0.1825901298969899], [0.2511704927928454, 0.5012624713256206, 0.22123582189266408, 0.43385206100004775, 0.12022363831544038, 0.1521389762862484, -2, 0.5918181269135634, 0.2288025018555066], [0.27235303133001276, 0.4983218864816437, 0.5987880116482215, 0.2865301003536948, 0.3509086429450557, 0.40008568652759885, 0.5918181269135634, -2, 0.648224383016496], [0.6483453504937756, 0.10142620485385746, 0.5145574965139759, 0.4193848260626914, 0.7094994704309734, 0.1825901298969899, 0.2288025018555066, 0.648224383016496, -2]]

for row in a:
  for elem in row:
    if(elem==-2):
      elem = 1.00
    
    print('{0:.2f} '.format(round(elem,2)),end="")
  print('\n')